1000 1000
1 134 482
0 909 946
0 0 87
1 359 729
0 142 882
0 42 714
0 211 735
0 442 780
0 631 983
0 325 935
1 169 330
0 60 946
0 243 904
1 123 260
1 146 244
1 21 378
0 31 259
0 382 941
1 144 447
1 802 944
1 66 594
1 279 560
1 855 936
0 640 915
0 345 971
1 230 697
0 210 749
0 903 973
0 347 673
1 824 977
1 105 581
0 82 444
0 278 785
1 307 655
0 287 309
0 35 992
0 522 781
0 97 404
1 663 701
0 554 779
0 305 896
1 371 618
0 54 470
0 480 778
1 134 869
1 910 929
0 589 952
1 731 944
1 189 281
1 722 778
0 278 387
0 139 363
0 530 953
1 549 682
0 258 512
0 487 661
0 387 578
0 305 728
0 74 853
0 41 441
0 580 740
0 370 650
1 30 700
0 241 565
0 352 866
1 490 859
1 149 938
1 68 241
1 609 987
0 582 739
1 139 945
1 389 832
1 617 714
0 237 256
1 298 805
1 232 312
1 395 843
0 819 941
1 504 513
0 127 621
1 290 460
0 277 746
0 28 580
0 101 477
1 600 953
0 453 687
1 190 887
0 16 944
1 412 522
0 406 755
0 365 402
0 532 921
0 76 714
0 187 467
0 814 987
0 758 854
1 221 605
0 507 593
1 66 93
0 132 186
0 248 270
1 593 881
1 500 905
1 260 666
0 4 203
0 508 558
0 158 693
0 734 835
0 27 247
1 255 552
0 665 958
0 714 904
1 337 992
0 407 774
1 250 419
1 182 503
1 778 779
1 278 598
0 453 889
1 49 602
0 142 970
0 814 930
1 436 774
1 213 444
1 587 643
1 524 899
0 197 542
1 510 681
0 581 729
1 271 973
1 653 752
0 252 682
0 250 813
1 233 396
1 121 403
0 433 999
1 4 327
0 172 944
0 153 223
1 317 825
1 806 876
1 762 997
1 173 220
0 387 394
0 555 999
0 392 820
0 727 824
1 236 474
1 492 531
1 26 214
0 798 858
1 155 532
1 702 756
0 578 658
0 393 884
1 517 788
1 568 712
0 204 956
0 571 734
1 85 737
0 423 512
0 436 562
0 324 619
0 397 512
1 38 329
1 224 494
1 449 578
0 117 870
0 661 994
1 385 460
1 54 457
0 265 908
0 228 480
1 694 952
0 35 155
0 598 934
0 155 987
0 151 693
0 551 704
0 553 718
1 147 782
1 105 112
1 162 543
0 876 993
1 121 258
1 95 646
0 479 972
0 307 400
0 313 413
0 565 997
0 162 695
1 19 407
0 339 768
0 792 810
0 8 415
1 138 425
0 192 981
0 22 292
1 184 378
1 111 832
0 478 565
0 636 928
1 301 617
1 251 588
0 269 939
0 348 802
1 107 227
1 147 733
1 310 650
1 226 765
1 13 294
0 228 626
1 257 599
0 101 943
0 202 663
1 382 485
0 468 963
1 508 880
0 245 724
0 161 584
1 461 568
0 157 974
0 66 452
0 337 618
0 442 474
0 340 763
1 831 886
0 335 985
1 740 933
1 4 246
1 14 58
1 295 925
0 314 885
1 227 917
1 49 438
0 57 899
0 832 886
0 573 632
1 230 445
1 498 760
1 206 807
1 242 505
1 507 722
1 557 727
1 152 381
1 899 945
1 92 252
1 149 933
1 513 720
0 684 734
0 373 533
0 644 989
1 162 333
1 79 854
1 379 483
0 718 747
0 222 604
1 546 869
0 341 650
1 881 987
1 306 594
1 206 800
0 216 740
1 356 950
0 407 566
1 679 892
1 449 953
0 371 537
0 865 983
0 762 938
1 27 559
0 43 533
0 223 767
1 286 412
1 403 666
1 76 341
1 328 737
1 253 275
0 422 617
0 253 605
1 145 252
1 812 818
0 490 833
0 382 542
1 232 874
0 86 825
0 370 927
1 153 658
1 296 844
0 210 350
1 46 898
1 71 695
1 149 881
1 17 532
1 250 430
1 562 997
1 166 725
0 690 858
1 206 864
1 187 923
1 16 171
1 387 553
0 402 802
1 677 726
0 294 359
1 528 850
1 64 569
1 634 883
0 375 860
0 244 571
0 183 494
1 396 639
0 299 302
1 37 130
0 413 560
1 908 991
1 546 911
0 434 829
1 712 976
0 78 877
0 127 252
1 238 277
0 560 933
0 514 629
1 713 972
0 297 735
0 185 747
1 253 354
0 253 603
1 316 717
0 966 998
1 84 768
1 12 84
0 19 928
0 415 780
1 203 585
0 13 659
0 210 762
1 341 919
1 120 224
1 703 733
1 83 976
1 334 877
0 162 627
1 638 799
0 366 831
1 203 543
0 517 566
0 338 480
1 373 467
0 171 790
0 175 712
0 232 669
1 155 357
1 293 331
1 350 882
0 347 447
1 527 569
1 84 380
1 113 598
1 477 674
0 252 385
1 139 407
1 408 580
1 118 338
0 712 985
1 829 920
0 398 410
1 376 487
1 214 474
0 86 726
0 138 159
1 23 949
1 77 341
1 292 363
1 958 978
0 19 86
0 152 690
0 222 993
1 468 732
1 605 696
0 196 549
0 133 673
1 54 955
1 632 884
1 411 788
1 624 921
0 385 678
1 95 408
1 96 700
1 39 980
1 781 851
0 28 401
0 137 550
1 578 696
1 414 530
0 556 895
0 44 381
0 363 382
1 381 429
0 617 873
0 81 301
1 292 780
1 139 903
0 85 668
1 249 364
1 274 442
0 395 928
0 59 731
0 599 807
1 514 971
0 358 480
0 385 849
0 230 268
1 310 361
0 435 548
1 115 453
0 97 311
0 126 632
0 239 462
0 149 412
0 446 461
0 640 693
1 144 930
0 153 876
0 3 460
1 936 964
0 87 926
0 431 744
1 122 813
1 299 599
0 510 803
1 472 882
0 239 927
1 519 979
0 243 639
0 239 901
0 541 704
0 49 415
1 173 426
0 36 176
0 42 332
0 239 951
1 403 828
0 486 996
0 219 887
1 111 117
1 357 989
0 396 524
1 277 949
0 341 420
0 36 885
0 360 739
1 574 584
0 336 870
1 631 838
1 58 603
0 370 595
0 112 591
1 537 686
0 103 536
1 273 861
0 274 940
1 717 848
1 17 221
1 284 284
0 240 690
1 200 719
0 551 784
0 648 984
1 98 792
1 90 194
1 98 208
1 266 458
1 729 759
0 183 621
1 62 831
1 402 825
0 242 505
0 301 365
1 13 423
1 430 729
1 380 429
0 70 391
0 959 964
1 464 996
0 586 844
1 768 888
1 569 611
1 58 550
1 114 841
0 31 507
1 430 794
1 265 771
0 78 543
0 818 939
0 287 943
0 351 948
0 431 609
1 36 328
1 262 882
0 44 770
1 405 647
0 575 660
1 156 691
0 34 583
1 18 512
1 303 389
0 699 990
0 642 897
1 573 848
1 706 909
0 167 334
1 50 611
1 88 903
1 173 451
0 189 723
1 337 647
0 141 650
1 455 750
0 140 912
1 647 651
1 37 116
0 709 716
1 774 917
0 140 238
0 583 832
1 82 960
1 543 859
1 71 257
1 394 864
1 206 250
1 205 921
0 459 559
1 39 495
1 435 670
0 187 803
0 25 907
0 382 849
0 27 498
0 283 885
0 559 812
1 5 271
0 221 444
1 547 790
0 29 880
1 626 920
1 80 577
1 427 505
0 323 451
0 124 242
0 351 740
1 615 806
1 253 636
1 19 909
1 395 592
1 284 430
1 796 820
0 276 537
0 213 535
1 430 470
1 213 594
1 555 919
1 207 564
1 457 691
1 435 749
0 424 951
0 658 695
1 302 566
0 15 716
0 362 667
0 457 586
1 11 831
1 557 982
0 94 999
1 314 613
0 257 290
1 58 742
0 119 732
1 55 250
1 9 910
1 45 92
1 131 866
0 269 819
0 137 437
1 520 670
1 85 211
0 20 339
0 640 698
1 487 671
1 53 345
1 271 428
0 64 714
1 262 810
1 761 950
0 255 502
0 178 806
1 414 565
1 80 136
0 130 480
1 142 781
1 443 823
0 116 544
1 428 654
1 198 864
0 604 672
0 29 621
0 215 331
0 177 696
0 182 693
1 484 485
1 195 917
1 563 925
1 186 909
0 529 986
1 156 924
0 188 219
0 320 569
1 125 748
1 407 608
0 214 312
1 518 846
0 160 747
0 134 993
1 347 888
0 58 121
0 5 140
0 827 835
0 43 742
1 264 680
1 15 369
1 661 806
1 256 483
0 891 915
1 136 412
1 527 991
1 296 564
1 489 809
1 274 440
1 39 964
1 35 168
0 245 692
0 544 948
0 67 964
0 114 981
0 255 763
1 390 427
1 169 807
0 384 577
1 148 621
1 628 872
0 450 543
0 189 886
0 145 633
0 167 508
1 204 324
0 219 631
1 538 598
1 4 13
1 415 887
0 192 194
0 462 957
0 10 493
1 496 966
1 164 951
1 336 704
1 730 988
0 156 168
0 182 230
0 551 963
0 597 825
1 728 848
1 3 334
0 498 935
1 620 689
1 618 889
0 150 495
1 425 942
0 5 17
0 426 903
1 438 516
1 344 849
0 462 851
1 166 808
1 321 682
1 272 392
1 71 959
1 108 393
0 256 852
0 124 779
1 44 515
1 120 707
1 441 783
1 252 365
0 155 339
1 218 872
0 298 857
1 682 853
0 422 995
0 367 445
1 128 840
0 669 877
0 198 863
0 331 623
0 25 892
1 404 431
1 198 565
1 68 99
1 98 551
0 162 559
1 14 764
0 169 785
1 137 812
1 735 806
0 97 574
0 451 684
1 287 878
1 291 714
0 600 692
0 488 496
0 712 932
0 126 498
0 627 671
0 256 472
1 129 525
1 620 927
1 631 869
0 322 700
1 808 836
1 296 892
1 710 944
1 205 890
1 832 925
0 34 167
1 562 653
0 182 907
1 193 603
0 660 835
0 33 997
1 322 808
0 103 892
1 337 806
0 395 634
1 222 552
0 481 703
1 316 532
1 326 673
1 471 818
0 79 483
0 138 296
1 340 507
0 48 432
0 261 434
1 800 898
0 131 391
0 391 670
1 66 567
0 103 458
0 719 938
0 470 493
0 74 666
0 68 708
0 232 732
1 260 362
0 343 742
1 89 383
1 115 186
1 40 693
1 140 531
0 78 478
0 61 450
1 39 813
1 215 341
1 230 651
1 611 798
0 831 978
0 542 965
0 261 907
1 325 386
0 364 923
1 138 966
1 914 925
0 334 734
1 490 801
1 340 843
1 54 585
1 106 173
0 292 692
1 220 583
1 350 684
0 777 925
0 588 598
1 464 822
1 372 422
1 85 558
1 349 826
0 34 900
0 76 300
0 255 632
1 89 956
0 665 719
0 723 784
0 26 107
0 696 964
0 21 646
1 374 761
0 454 693
1 62 287
1 44 171
0 476 730
0 43 942
0 310 537
1 432 881
1 424 636
0 114 443
1 421 944
0 595 808
1 20 496
0 633 978
0 95 595
0 487 925
0 541 987
0 742 852
0 230 834
1 534 658
1 248 673
0 370 913
1 279 365
0 402 729
1 609 966
0 58 617
0 330 889
1 403 512
1 27 369
0 7 346
0 683 768
1 639 850
1 26 567
0 204 729
0 456 634
1 123 784
0 635 984
1 211 313
1 124 599
0 33 356
1 663 690
1 73 672
1 818 857
1 83 409
0 479 806
0 41 345
1 19 224
1 161 690
0 44 509
1 31 719
0 490 590
1 648 938
1 867 923
0 409 757
0 327 851
1 516 966
0 936 982
0 72 451
0 364 650
1 363 498
1 505 878
1 543 842
0 641 977
1 115 138
1 225 365
0 121 397
1 141 852
1 181 450
0 384 932
1 171 854
1 197 341
1 173 198
0 39 656
1 434 855
0 592 942
1 141 659
1 747 868
1 719 913
0 304 435
0 582 841
1 295 816
0 194 526
0 557 883
1 201 235
1 897 927
0 445 492
1 70 270
0 525 806
1 634 874
1 748 906
0 57 772
0 690 872
1 889 996
1 12 428
0 249 782
1 606 888
0 502 985
1 897 982
0 213 675
0 169 179
1 534 790
1 541 938
0 768 947
1 200 547
1 577 970
1 302 605
0 87 270
1 113 945
1 203 232
1 97 179
1 147 766
0 200 379
1 516 796
0 526 917
0 302 996
0 921 935
0 29 765
0 108 826
0 470 715
1 95 143
1 309 863
1 29 719
0 881 912
1 455 676
1 492 775
0 623 629
1 368 387
1 189 851
0 105 419
1 230 289
1 529 647
1 220 869
0 145 849
1 537 870
0 433 582
1 245 370
1 538 718
1 375 867
0 257 569
1 797 802
0 485 995
1 648 979
0 60 474
1 684 689
0 866 963
0 451 770
0 219 617
1 8 627
0 563 853
0 36 984
1 305 871
0 142 463
1 203 871
0 555 923
0 462 749
0 665 928
1 140 943
1 99 754
0 54 439
1 173 306
0 458 739
0 715 755
0 88 200
0 621 945
1 465 557
1 361 886
1 254 280
1 395 817
0 229 959
1 539 761
0 800 996
1 835 839
0 348 539
1 496 873
1 374 565
0 725 816
1 229 753
1 168 414
0 518 753
1 50 589
0 482 490
0 97 795
0 33 242
1 111 630
0 39 138
1 357 526
0 109 307
0 301 886
0 85 753
0 216 283
1 294 993
1 558 598
0 394 792
1 576 949
1 351 947
