100
0010111100100000000101101010001001000000000000000000000010000000000100000100000100110010100010010000
0000001001011010000001000010100000000000000100010000000000000101100000000100000010010000000111111000
1000000010000000000100010100010000001100010001101101000000110000101100000000000000000100001000011000
0000101010000101100000000000010000000000000000000000010101001010000011000000010000110000101010000100
1001001010000010110010010010000000010000000000110000000000000100001000100000000000000001000110000000
1000000000000000111000100000100001000000000000000000000000000100110000011101000100000000011000010000
1101100001000000000000100000000000000100101000000000010000010000000001010100001000000000000000000000
1000000000001000100000000000011010010011000000001110101000000000000100000000011000000000000111111001
0011100010000000000000000000000001000100000010000000010100110000000000000000000000000010101010000000
0100001000000110000001000001100000001001001000101010101000000000000001000010010000000000000011000000
1000000000001101001010001000010010000000001000111010100000000001001010000000110000000000001000001010
0100000000000100010100100001000000010100000000000100100100010001000101000101100110001000100000000000
0100000100100001000001110001010000001000000100001000000100010000000000100110000111000000101000010000
0001000001110001000100111000000000000000000000000000101001000100010011000101001000010110000100000001
0100100001000000000100000001000000000001010010001000000000100100001100001010101000001101001000001010
0001000000101100101000000000010010100000010000001100000000000110000000000100000000000001100000101000
0001110100000001000001010000000001001010000111000000100011000000000010000000100000110011000000000000
0000110000010000000100000010000110001100010000000000010000010000100000100000011011000001000100100100
0000010000100001000001000000000000011101000000000100000000000000001001001010000001010010100000000010
1010000000010110010000010000000001000000000100000101000000000000000000101001000001001010001000000110
0000100000100000000000000100100000000000000000000000000001000101000000111000001001000000000010100010
1100000001001000101000000110000001000110010101010010100000000110000000000000110100100000010000010100
1000011000011100000000000000101000010100000101000001000000000000001000100010100000000000000011100100
0010100000001100100100000000001001010100011000000000000100000000000101100100000000000000000000000000
1000000000100100000000001010010000010000000000100001000011100001001000000010000010000001001001000000
0010000000000000000011000001110010000001000001010100000001000001001000000000000001000001010010001000
1100100000000000010001001000001000000000000010010100110001000000000101001100000000010110000100000010
0000000001011010000000000100010000100010010000000101000010100011000000000110000010101100000000000100
0100010001000000000010100100000100000011000010100000000001000100101000001000000010001000000000010010
0011000100101001000000001101000000110000000000001100000001000000011001110010010000000000000000000001
1000000100000000000000110010001010000100100000100000000001010000000000000001100000000010000000111010
0000000000000000010000000000100010110000000001000000000001010000000000000000000001010010000000011010
0000000100100001010000000100001100011000000000100000000000001010100000010000000000001000000000000000
1000010010000000100101010000000000000100010001000001000100000000010000000000000000000010100000000000
0000000000000001000000000001010100010000001000000110001100000001000000110001110000101000100000000000
0000100100010000001000111000010110101000010000000001000010000010000001100000001000001000101000000100
0010000001001000111000000000000010010000000100101010000100000000100100000000010001000101010100000010
0010001010010000011001110000001001000001000001000000000100000111101111010100001000000000000000000001
0000000100000000100001000001100000000000000110000000000010000101010001000001100000000000001000101000
0000000101000010001000000100100000000100000101000011000000001000110000000000000010001100000000110000
0000001000000000000000000000001000000000000000000000000000000000000000000100001100000000010100000101
0010000000000011010001010001000001010000000010000000000100000000010000000000100000000101000010010011
0000001001100000000000010000000000100000000000000111011000000110000000100000011000000010000000010010
0100000000001000100101100000000000001011000000000000011000000100000100000110000100001000010000010010
0000000010000010100000000010100000000010010000010010000001001001000010100000011110000000100010010000
0010000000000000100001100100000101000101000000110000000010001000100110001010000000010000100000100110
0010100001100000000000001000101010001000000001010000100000000100000000001001000000000111000010000000
0100100000100000000001000110000000000000000011100000100100100000001100000101001001100010001100000000
0010000101101011000000000000010000001000000000001000000010000000110000000101100000101000000010100000
0010000100010001001100000111010000100000001000000100001000000000010000000001100010001001010000000010
0000000101100000000001000000000000101001001010000010001100000000000100000000000001000000000000010010
0010000000000000000100101001000001010001001000000000110000000010000000011000000010000000010011010000
0000000101110100100001000010000000000000000000110001100010000000001100000100100001000000101010010000
0001001010000000010000000010000000000000001100000001000100010000100000000000100000000100100010000000
0000000101000100000000000000000000100000001100000110000100000000001100000000000011000000000100000001
0001000010011000000000010000000001101100010000010010011011000100000010000000011000000101000010000100
1000000000000000100000001001000000010010000001001000100100000100100000010000000100010010010000000010
0001000000000100100010001110111100000000000010000000000101000010011100000000000000000010100000000100
0010000010000010000000001001000000000000000000010000000000000100000110000010010011000100001000001000
0010001010011000010000000000001100000000000000000000010000000000000000000010000000000100000000100010
0001000000000000000000000000000010000001000011000000000000001000100000001101000000101001101000000000
0100110000000111000011000000100000000110001100100000000110100100000000000110000000000100000001100100
0001000000000001000001000001000010010100001000000001000001000001000000000010001011100000000001000100
0100000000110000000010001101000000100110000010000000000000000010100001001011010001000000001000010000
0110010000000000010000000000100010001101000001001000010010001001000101000000000000010000000000100000
0000010000000100000000000000010001000011010000001100000001000000001000000100000000010000000010001010
0010100000100010001000101100110000000100000000010000101001000000010101101110011100101110000010000000
1010000100010010000000010010000000001100000101010010101001100000101000000010000100001000010000000001
0001000000100100100000000000000000000100000011000000000100100000000000000000000100000010000001000000
0001001001010100001000010010010000010110000000000000000000000001101000001000000001100000010100000000
0000100000001000010110110000010000110000001010000000000000000000001000011010011001000000000011000111
0000011000000000000010000000010010100100000000000001000010000000000000101100000010000000000000100000
0000010000000010001110000010100000000000000001100001000000001001001001110000011001000000000101101100
1100011000011101000000010011000000000100100100011000100000001100011000010001001000010000111000000000
0000000001001010001000101001010000000000000101000000000000110111001100100010101011010010010000000000
0000010000010100000100000000001000100010000000111100000000001001000000000100001000000000001000000000
0000000000110010100001100000001000100010010000001100110000000000000000000010000000101010001000010000
0001000101100000010001000000010000101000001010000000000100100001001000101000001000100000010100100010
0000001100000110010010000000000000010100101010010000000100000010001000101111010000000000000000000000
1000010000011000000001000000000000000000100110000000000010000000001110000000000000110000100011000110
0100000000011000010000001001100000000001000010000101001000100010000000010010000000010001101000000010
0000000000001000011110000100000100001000000000010010101000100011000001101010000000000101000000000001
1001000000000000100001000001000000100000000000011000000000001010001001000000110100000000000100000000
1101000000000100101000000010000100000000000001000000000010000000110000000110000110000001010100001000
0000000000010010000100000001100010110001000100001100000000001000001100000000100000000000110000000000
0010000000000110000000000011000000001001010000100000010100110100001000000000000001000000000010001000
1000000010000100101100000010001101000000001000110000000011000000001010000010100000000000010001001001
0000100000000011110000001100000000001000010000100100000100001000000000000000000011010000100000100010
1001000010011001001000000000000001110000000011000000110001001000000000000100000110001001000101000000
0000010000000000000001000100000000001000100100000101000010000000000101000110010000011010000000010000
0011010010101010000100001000000000010010000000010000100000101001000000000101100010000000000010000000
0100100100000100010000000010000000001000100000010000001000000000000001001000010000110000100010000000
1101100111000000000010100100000000000000010010101001110100000000011000100000000100000100001100000010
0100000101000000000000101000000000000000000000000001000000000110000010101000000100000010100000001000
0100000100000001010010100000001000000011000001001000000000010100100000011000010000000001000000000001
1110010100001000000001000000101100000001011110000011100000000001000000000000100000000000010000001011
0110000100100011000000000100001100000010000000000000000000100000010000001000000000010110000001010001
0001000000000000010101100001000000010000100001000000000101000110000000101000000100000000000000000000
0000000000100010001110000010101100001000011101000110000010010000010000100000010110000001000010010000
0000000100000100000000000000010000000100110000000000001000000000000100100000000001000010000000111000
