100
00 2 4 1966
01 3 3 1970
02 12 3 1982
03 2 7 1956
04 11 8 1973
05 23 4 1993
06 10 4 1951
07 26 3 1982
08 12 1 1991
09 20 11 1952
10 27 2 1963
11 16 6 1992
12 18 11 1962
13 24 4 1978
14 7 1 1972
15 22 1 1980
16 29 9 1966
17 8 5 1977
18 21 3 1978
19 17 2 1959
20 13 9 1963
21 28 11 1995
22 29 7 1960
23 27 5 1968
24 29 5 1974
25 8 6 1990
26 25 4 1988
27 14 9 1952
28 12 8 1984
29 22 10 1989
30 13 10 1989
31 18 3 1955
32 14 6 1970
33 8 1 1951
34 7 7 1970
35 11 11 1986
36 28 3 1991
37 3 9 1991
38 14 11 1958
39 11 9 1986
40 3 8 1956
41 22 9 1968
42 4 8 1969
43 12 2 1957
44 27 1 1964
45 16 5 1971
46 16 10 1983
47 23 2 1987
48 8 5 1954
49 10 10 1950
50 11 7 1957
51 18 4 1983
52 16 6 1982
53 6 9 1951
54 18 8 1969
55 14 4 1978
56 6 8 1998
57 2 1 1990
58 4 6 1970
59 26 8 1989
60 26 8 1996
61 3 7 1956
62 1 3 1962
63 3 10 1956
64 27 2 1980
65 10 8 1990
66 1 3 1993
67 5 9 1966
68 24 2 1996
69 19 10 1995
70 4 6 1957
71 18 7 1984
72 9 9 1950
73 23 11 1983
74 29 6 1951
75 9 7 1958
76 13 3 1963
77 7 10 1995
78 17 4 1983
79 14 6 1983
80 25 8 1985
81 16 10 1996
82 18 10 1987
83 18 5 1991
84 16 2 1978
85 26 5 1953
86 27 1 1993
87 26 6 1955
88 9 8 1978
89 26 1 1954
90 17 6 1977
91 23 8 1968
92 27 11 1990
93 9 9 1990
94 10 5 1963
95 3 2 1965
96 15 6 1972
97 3 5 1965
98 18 10 1992
99 12 10 1994