100
00 1 6 1971
01 27 5 1986
02 20 4 1955
03 13 9 1952
04 18 7 1982
05 22 8 1981
06 28 5 1974
07 29 2 1969
08 11 5 1971
09 17 7 1989
10 14 8 1957
11 27 9 1981
12 6 1 1953
13 4 10 1996
14 16 1 1971
15 10 3 1956
16 12 6 1990
17 18 7 1968
18 10 11 1968
19 16 3 1973
20 22 7 1992
21 12 6 1983
22 13 9 1969
23 9 3 1968
24 14 5 1973
25 29 8 1986
26 8 8 1960
27 23 11 1982
28 16 4 1965
29 28 7 1962
30 26 9 1987
31 10 5 1972
32 17 9 1963
33 7 10 1958
34 22 10 1965
35 11 5 1958
36 11 6 1998
37 10 11 1980
38 11 4 1988
39 17 2 1998
40 17 6 1971
41 15 9 1968
42 9 4 1960
43 14 4 1981
44 22 4 1970
45 11 2 1995
46 11 9 1985
47 5 11 1986
48 21 6 1966
49 24 2 1969
50 6 10 1982
51 8 8 1951
52 16 1 1972
53 8 8 1995
54 20 2 1966
55 13 11 1964
56 15 2 1970
57 24 1 1994
58 1 4 1981
59 25 5 1968
60 5 9 1964
61 2 3 1984
62 5 9 1981
63 14 1 1969
64 2 2 1991
65 29 8 1971
66 29 10 1998
67 22 4 1971
68 23 7 1950
69 2 5 1970
70 1 4 1975
71 29 6 1978
72 20 5 1984
73 18 9 1980
74 23 4 1965
75 5 2 1993
76 21 7 1967
77 10 5 1988
78 5 6 1955
79 2 6 1974
80 22 4 1959
81 15 5 1952
82 18 8 1954
83 26 3 1996
84 2 2 1950
85 4 11 1982
86 2 2 1980
87 11 10 1985
88 17 7 1969
89 8 2 1972
90 12 5 1950
91 27 10 1956
92 26 2 1982
93 2 6 1958
94 22 11 1968
95 24 3 1993
96 15 11 1992
97 12 1 1963
98 6 1 1971
99 4 1 1978